<?xml version="1.0"?>
<opencv_storage>
<images>
images1280/1.jpg
images1280/2.jpg
images1280/3.jpg
images1280/4.jpg
images1280/5.jpg
images1280/6.jpg
images1280/7.jpg
images1280/8.jpg
images1280/9.jpg
images1280/10.jpg
images1280/11.jpg
images1280/12.jpg
images1280/13.jpg
images1280/14.jpg
images1280/15.jpg
images1280/16.jpg
images1280/17.jpg
images1280/18.jpg
images1280/19.jpg
images1280/20.jpg
images1280/21.jpg
images1280/22.jpg
images1280/23.jpg
images1280/24.jpg
images1280/25.jpg
images1280/26.jpg
images1280/27.jpg
images1280/28.jpg
images1280/29.jpg
images1280/30.jpg
images1280/31.jpg
images1280/32.jpg
images1280/33.jpg
images1280/34.jpg
images1280/35.jpg
images1280/36.jpg
images1280/37.jpg
images1280/38.jpg
images1280/39.jpg
images1280/40.jpg
</images>
</opencv_storage>