%YAML:1.0
---
camera_matrix: !!opencv-matrix
   rows: 3
   cols: 3
   dt: d
   data: [ 8.4025644064861513e+02, 0., 6.0632690918161961e+02, 0.,
       8.4025644064861513e+02, 4.8799777058542270e+02, 0., 0., 1. ]
dist_coeffs: !!opencv-matrix
   rows: 5
   cols: 1
   dt: d
   data: [ -2.6382011926973642e-01, 1.2828998481983248e-01,
       3.9607413043383846e-03, -2.4086478367603176e-04, 0. ]
pixel_scale: -3.7500000401632866e+02
persp_transf: !!opencv-matrix
   rows: 3
   cols: 3
   dt: d
   data: [ -8.5330630838011068e-02, -3.0478457317130392e+00,
       3.2618198136460137e+02, -1.6496460104103416e-01,
       -9.3404579535423125e+00, 9.6814225238909398e+02,
       -1.7733059895741650e-04, -9.9288419929635663e-03, 1. ]
