<?xml version="1.0"?>
<opencv_storage>
<calibration_time>"Fr 12 Okt 2018 12:50:37 CEST"</calibration_time>
<nr_of_frames>25</nr_of_frames>
<image_width>1280</image_width>
<image_height>1024</image_height>
<board_width>9</board_width>
<board_height>6</board_height>
<square_size>25.</square_size>
<fix_aspect_ratio>1.</fix_aspect_ratio>
<!-- flags: +fix_aspectRatio +fix_k3 +fix_k4 +fix_k5 -->
<flags>6274</flags>
<fisheye_model>0</fisheye_model>
<camera_matrix type_id="opencv-matrix">
  <rows>3</rows>
  <cols>3</cols>
  <dt>d</dt>
  <data>
    8.4025644064861513e+02 0. 6.0632690918161961e+02 0.
    8.4025644064861513e+02 4.8799777058542270e+02 0. 0. 1.</data></camera_matrix>
<distortion_coefficients type_id="opencv-matrix">
  <rows>5</rows>
  <cols>1</cols>
  <dt>d</dt>
  <data>
    -2.6382011926973642e-01 1.2828998481983248e-01
    3.9607413043383846e-03 -2.4086478367603176e-04 0.</data></distortion_coefficients>
<avg_reprojection_error>2.5609799059704548e+00</avg_reprojection_error>
<per_view_reprojection_errors type_id="opencv-matrix">
  <rows>25</rows>
  <cols>1</cols>
  <dt>f</dt>
  <data>
    4.17104435e+00 7.68268466e-01 9.24347162e-01 2.13199452e-01
    1.74842030e-01 3.16846824e+00 1.83554375e+00 2.03835249e-01
    5.98703623e+00 4.18681717e+00 5.40663099e+00 6.15866995e+00
    2.67943859e-01 3.01524854e+00 3.20904464e-01 3.79962862e-01
    4.51184988e-01 2.08916619e-01 2.09493831e-01 3.11789900e-01
    1.88986808e-01 7.46275425e-01 5.13547659e-01 5.69453299e-01
    2.87152827e-01</data></per_view_reprojection_errors>
<!-- a set of 6-tuples (rotation vector + translation vector) for each view -->
<extrinsic_parameters type_id="opencv-matrix">
  <rows>25</rows>
  <cols>6</cols>
  <dt>d</dt>
  <data>
    -1.4563842681942671e-02 1.0982549020482549e-01
    1.7545367246589053e-01 8.3572411002036461e+01
    -1.8924692910619964e+02 6.9854571384071994e+02
    2.0491054960129115e-01 1.3403535649549503e-01 1.9351381656495964e-01
    -5.5342910175790557e+01 -1.2264126602220473e+02
    2.5230399030276476e+02 2.8385342026171410e-02 1.3795920126683775e-01
    -5.9938194152985250e-02 -3.4529909204562621e+01
    -4.1453144239030088e+01 2.8574845097384076e+02
    -2.8326456161203012e-01 5.0390294350495746e-01
    -2.9484691660963280e+00 2.0480744738298841e+02
    -9.6997420367136669e+01 6.0622410644584420e+02
    4.5638164381832708e-01 -4.1282021655549067e-01
    2.8522837977757605e+00 3.4062143577584141e+02 1.5422237057859414e+01
    8.7450562273387527e+02 6.6923163801445673e-01 4.3046882923724987e-02
    1.6195461804325288e+00 4.7182694487462049e+02 2.2659117703308269e+02
    1.1107984244977956e+03 -5.2359113280928765e-02
    5.2840691488452918e-01 2.1062249922147669e+00 8.9474957003735756e+02
    3.5782172856750742e+02 1.1509474942525717e+03
    -5.7051192405690253e-02 -3.5886505921005235e-01
    1.4459952322585095e+00 -4.7419844039690830e+01
    1.1073153686767716e+02 1.3590563518966380e+03
    -5.1186733963843922e-01 1.2991919447551252e+00
    2.0636076812906770e+00 4.5971942174162194e+02 4.6196230847113549e+02
    1.6873259097947457e+03 -6.8879434062210743e-01
    1.1682751649832896e+00 1.6353318037317177e+00 7.8848596518754596e+02
    5.1252588794697067e+02 1.4676933852385769e+03
    -8.4414197981098127e-01 1.0655030548149704e+00
    1.5345728887371224e+00 4.3867355535673721e+02 3.2537756134166369e+02
    1.7616470054176880e+03 -9.4904469863743735e-01
    6.6261755388994736e-01 1.0764925058207280e+00 2.7929207410754728e+01
    3.7443039660422966e+02 1.7118148834622939e+03
    -8.0333291422701059e-01 -1.5563730700422806e-01
    2.7607233897344678e+00 -3.9135271725962312e+01
    -4.3081338885703730e+01 7.4669914569640309e+02
    -9.9543331238290922e-01 -2.8652841952133767e-01
    2.6521770320466249e+00 -3.7908407178367000e+01
    -2.6114214642755968e+02 1.2345503455995763e+03
    -6.9104748078614331e-01 -3.5672787890252156e-01
    2.8214577418114266e+00 1.1054809791484399e+01
    -2.4061804957263476e+01 5.9355296088304192e+02
    -2.0336858443676706e-01 2.6818908943637948e-01
    -3.0887671799295564e+00 1.7856966240230864e+02
    4.8560309907364513e+01 3.3748650307892626e+02
    -1.3673025165684400e+00 3.4550907563892985e-01
    -2.4631976304984318e+00 2.6461781010394276e+02
    3.9363073376567494e+00 5.8258487143418176e+02
    -1.0518272819812164e+00 4.1450037116603222e-01
    -2.6318938354485031e+00 3.3373097100650409e+02
    -1.2629752870844179e+02 9.1197905131689765e+02
    -4.5371490916650292e-01 2.8240618284406144e-01
    -3.0203988193793405e+00 2.6526280370182695e+02
    -1.5949652370937557e+02 9.0127259920245956e+02
    8.4233966299861651e-01 -2.8932083169547934e-01
    2.7934687834622274e+00 4.4864858752640106e+02
    -3.3672989205345101e+02 9.3191289968792864e+02
    -1.0319275109846611e+00 3.6515908378494810e-01
    -2.8344384648063787e+00 2.3199547366398966e+02
    -4.1456469472635956e+02 1.1696320051461614e+03
    3.2328823009317553e-01 1.3722368676722923e-02 2.1003109098944832e+00
    6.5535499323854197e+02 -2.2366798254852375e+02
    8.0163321161157785e+02 1.3542172456832241e-01
    -4.2742870912090541e-01 3.0491043154250752e+00
    1.3322594080761826e+02 3.4651400356530992e+01 4.1204923583002181e+02
    -9.2733911478457898e-01 -5.0246027844980812e-01
    2.8224578824088673e+00 2.7408243097039679e+02
    -3.4970242309938271e+01 5.7653429441341711e+02
    4.4730529815461306e-01 1.2741747661206707e-01 3.0788413117315350e+00
    3.7583072182850242e+02 -1.1865630924407243e+02
    8.6353079845193872e+02</data></extrinsic_parameters>
