%YAML:1.0
---
camera_matrix: !!opencv-matrix
   rows: 3
   cols: 3
   dt: d
   data: [ 8.4247565142014048e+02, 0., 6.3709750504899216e+02, 0.,
       8.4247565142014048e+02, 4.9404840866216540e+02, 0., 0., 1. ]
dist_coeffs: !!opencv-matrix
   rows: 5
   cols: 1
   dt: d
   data: [ -2.5214446340547131e-01, 7.2467633910707305e-02,
       -3.7212600914536867e-03, 4.3313637761614032e-04, 0. ]
pixel_scale: 1.4648437656887838e+00
persp_transf: !!opencv-matrix
   rows: 3
   cols: 3
   dt: d
   data: [ -8.7942561101538297e-01, -3.4259362933468855e+00,
       2.3258130898627714e+03, 9.2822944991831724e-01,
       -4.5010371439435408e+00, 1.8471766053374527e+03,
       1.8223396615361148e-04, -3.0009966476713373e-03, 1. ]
